100
291 -444 -456 199 465 31 118 -16 103 -23 199 342 291 374 -206 -383 -15 -286 -216 -287 155 310 -345 -444 -254 -7 304 -99 -143 -456 -349 154 -38 -60 166 -40 256 -107 -31 -454 486 270 -458 -367 258 310 -342 -405 -361 -393 111 -243 102 -324 424 -224 -120 -80 472 473 436 -206 429 91 -380 -394 -493 256 454 217 -388 367 -299 66 -122 -79 -157 -411 220 -180 -333 -357 88 32 334 112 155 -350 -224 -490 407 460 -41 237 114 150 164 -488 162 483 
303 -444 204 -245 -144 466 246 -14 219 -4 -463 391 476 -258 -378 339 -113 476 174 102 -445 -27 -341 -291 237 -335 -494 341 424 233 -453 -21 63 -366 -436 -481 82 -296 458 356 108 -344 117 -278 -406 348 -111 281 -61 478 -30 -276 217 273 56 -272 -51 101 -210 -237 -81 -101 103 230 -136 200 -261 -339 187 -226 283 -121 120 268 -111 315 157 -196 -5 -341 38 381 313 283 -254 105 41 441 -481 85 -373 22 188 470 -415 363 -463 73 -333 398 
-353 325 -443 354 -69 -366 -469 -103 269 -334 -199 -483 294 155 298 417 493 120 30 166 -1 93 -489 414 -265 -9 -23 -395 -56 312 -239 -331 -359 -136 108 -228 -482 -356 341 151 56 -405 342 470 76 223 -267 75 139 -449 68 253 207 118 408 191 -478 196 -325 111 45 417 -330 326 381 79 -231 -370 335 -112 113 221 333 200 128 -254 -492 -452 -269 331 351 -365 -473 -76 426 292 -494 413 -492 -269 -392 243 -406 270 -202 61 -437 139 -366 -374 
-123 413 -218 -55 -184 -433 -138 -101 135 457 -317 -79 -270 -359 433 -384 -23 337 192 -361 -411 -364 236 149 -113 348 494 -17 67 -226 -216 113 222 126 -100 -329 -424 -441 194 -302 -224 474 -112 -65 317 -76 149 459 -320 -430 162 -217 26 -442 473 273 270 481 78 -84 66 -472 145 -264 272 374 272 -395 -431 191 58 -138 290 -492 298 313 380 -307 -166 -40 300 -364 -250 130 214 -395 -445 255 -464 134 251 -121 223 -429 -116 123 -135 267 227 55 
444 213 -143 -460 200 65 33 -402 -380 -194 97 -209 94 293 -198 208 195 280 -442 412 185 407 430 -280 -307 -409 -345 -279 63 479 -277 -181 402 383 302 219 327 -64 -153 57 427 -33 -109 144 161 232 -353 -220 60 -496 -342 -2 -166 380 329 54 360 -431 292 -492 -456 312 -310 -81 -403 254 117 -443 -170 -457 269 -429 -194 -182 -13 -115 -59 137 -447 466 496 398 228 45 432 -14 -145 189 217 351 -175 -306 -240 213 -448 347 198 -112 227 307 
474 197 117 -176 298 201 -194 -189 420 -460 -391 -310 397 498 319 -434 -262 375 -109 135 -156 226 -139 -195 -429 -367 -39 165 -73 -413 77 158 428 408 -151 -455 318 19 233 41 -376 -437 -174 -21 -23 314 238 -151 139 191 -118 161 311 137 -146 375 -453 -264 119 -335 464 330 297 -403 -176 -3 -167 -210 422 384 392 -32 -321 137 -256 183 -44 -73 -357 328 125 -86 257 -219 -433 -194 132 167 379 299 -143 -312 303 -179 217 -246 -256 500 -205 454 
-324 355 281 466 195 -417 139 -79 169 -130 385 -65 150 -14 -391 -6 -104 -484 470 -395 -102 315 -425 -467 80 413 47 331 156 -323 -474 150 -333 467 89 -181 344 4 47 129 -25 332 141 -141 463 -125 -477 276 -68 122 141 -150 -228 441 396 -242 -323 -112 34 -339 261 249 43 208 242 -393 215 389 -426 94 139 -406 -95 -385 74 41 -438 44 422 322 63 -360 -255 -200 491 -204 -15 -220 -419 278 26 -244 -377 -385 -423 -164 89 -102 266 474 
414 345 -141 -435 -425 -352 -112 -283 313 -493 -192 250 -300 5 -263 -28 -474 309 -23 405 381 -335 -385 221 456 180 -167 414 40 236 321 -168 -256 -240 -55 104 -196 -29 -494 146 407 152 498 -312 -189 16 -387 -387 -1 -406 -390 -272 -46 -59 -359 84 -239 313 185 264 -189 -304 -350 14 -316 -356 -341 157 102 62 -417 -230 234 -172 213 307 380 292 -296 -157 -434 162 -291 224 415 68 -50 412 -180 -246 279 436 359 233 -193 -112 -337 222 88 225 
-278 -406 -295 335 442 -28 -143 -236 23 -199 266 -251 66 336 -442 349 207 -67 53 264 383 334 -70 -205 489 -301 370 -97 -296 27 -17 197 -102 -276 456 -269 179 -461 -19 -294 47 163 -111 -437 419 499 155 -14 -304 441 190 412 242 334 -185 370 -251 430 118 -487 -308 323 181 -406 326 444 34 222 410 -26 274 -25 217 369 -180 136 486 -360 -319 -201 -409 68 -121 -144 87 -437 187 -192 -338 -437 -322 68 -329 -73 -58 429 -326 401 64 459 
-232 -417 -140 -439 40 -65 -262 72 -168 200 74 373 47 256 150 123 -480 -196 -350 -133 6 -163 496 -393 -410 314 -451 -357 -307 -22 -241 265 -218 -223 -455 461 -78 -454 -188 437 -159 -206 -376 -475 239 -169 -245 39 -194 160 143 102 -29 -313 413 -313 500 -66 -92 -196 292 -392 473 -103 -317 -497 276 -247 -432 -468 58 -118 -345 -236 -123 266 132 -409 23 286 -422 -116 115 -133 -230 495 -52 25 255 283 113 -162 -374 368 275 156 496 353 322 -77 
138 -460 244 -392 -226 -409 -346 -4 332 -236 -117 147 259 81 446 -243 -203 193 -235 -35 -145 228 463 -350 -171 -285 -17 -430 -37 22 67 195 427 23 24 -92 315 -494 -282 202 -331 7 73 -194 433 -399 123 53 309 237 416 277 -341 137 -94 209 160 -114 -213 -93 258 255 -134 -436 -429 -99 203 -283 -11 -95 228 -272 484 187 -426 281 429 224 347 123 -372 -347 -216 -236 -406 -2 -127 215 439 -389 -40 -369 -283 -395 -492 104 -405 -157 111 55 
475 -206 141 1 483 218 249 333 364 -142 416 281 -186 336 -328 -477 390 464 -187 -252 79 324 -370 212 385 479 418 420 366 -83 359 -224 155 76 -46 495 400 -495 -8 -275 376 -302 -260 -272 -291 44 -419 -483 275 -121 -77 -266 449 287 66 302 -261 357 184 -273 46 151 215 450 16 -235 212 369 -208 -177 384 -313 307 94 -228 439 309 47 -306 124 401 -102 -465 -393 245 187 -458 -271 -169 -344 295 171 325 -249 -38 93 -153 119 18 -320 
343 -53 -492 294 -200 -447 -140 -333 26 -25 -404 -353 -489 -82 371 215 80 44 -317 -313 -170 -236 446 13 -333 -183 409 425 439 418 -133 -52 -411 -434 409 -408 73 -60 -397 12 447 -494 296 -52 489 16 -63 -244 -162 -143 -204 187 210 -374 -33 90 165 -141 357 -483 -308 352 -82 -280 389 -161 290 285 -234 456 97 -21 -295 132 -339 18 222 -435 -399 -142 217 196 424 -141 -48 -209 -394 -481 -269 166 -424 -132 -252 218 -364 -33 328 -128 -36 497 
-85 418 58 -264 -121 -453 -456 138 32 -326 -307 145 -50 -434 167 -189 -8 -264 -201 9 -129 389 -244 -221 -239 -409 81 375 10 481 287 -278 330 -162 350 -447 -492 -275 492 256 -286 -277 186 -469 364 -131 233 -265 123 -350 444 191 461 -437 253 121 413 34 287 271 -156 169 5 382 -17 389 -310 60 242 -418 215 446 -357 366 -257 94 121 259 288 -97 190 -266 -80 395 -60 -165 383 -292 39 -463 200 91 -441 -22 -455 31 423 144 357 325 
446 37 365 -34 -385 -353 -264 371 362 -337 -288 -107 -11 414 433 -198 239 68 416 319 -74 478 104 463 -440 -103 -475 -482 115 16 -323 -478 -435 384 407 329 1 453 -315 -94 -21 -151 453 -186 -333 -25 190 -40 417 -217 -136 343 -313 65 331 107 48 -331 369 -112 -239 -296 116 42 331 -201 -387 99 315 429 40 -103 -451 -178 314 -447 -206 239 91 -156 -435 -298 376 48 367 200 329 -375 211 229 436 -189 -233 304 411 454 108 194 175 -441 
-423 -239 222 381 419 -185 162 478 -58 -109 71 161 209 395 -200 115 468 356 16 90 390 302 17 -460 -165 203 165 136 -35 -62 248 470 -389 -105 52 -111 197 302 28 457 433 433 20 -83 -434 404 480 441 -135 464 -419 -136 -457 -96 110 25 434 308 424 294 -184 -13 -452 353 123 8 -450 -354 232 -371 -53 -35 178 196 -133 -120 247 45 153 -176 -263 -272 -96 169 260 -271 180 -336 29 166 388 -17 474 472 -135 144 355 -256 207 182 
214 -72 264 107 -470 -390 194 226 294 -24 -393 -184 -137 -101 -225 42 345 -115 -316 227 -79 -233 -148 -88 461 420 371 472 371 -96 262 -488 -195 -243 -287 -408 370 -267 -172 -376 183 159 -263 32 9 434 -425 -120 -250 351 -184 -406 16 59 330 -247 322 -39 324 372 58 307 475 54 -304 245 479 348 166 -33 123 -147 -127 -367 304 -206 248 -393 215 457 -324 -159 -89 278 500 -110 -92 144 -122 -214 359 -399 -256 -284 -342 -67 -359 31 95 194 
443 -438 437 460 -419 -8 135 -328 374 453 211 -3 410 -101 487 -171 213 60 -274 290 153 -65 -209 496 -305 -471 -385 -261 -24 -291 -382 -28 -320 398 -164 187 -489 34 -167 262 41 354 -428 134 -326 9 489 -467 210 -129 -452 -242 -70 -424 319 445 304 348 -156 262 263 108 421 -140 -213 398 -448 31 74 -19 8 -273 -185 435 419 264 485 -431 -27 -420 235 -293 29 349 132 -327 -372 483 378 -59 500 -290 319 372 431 401 -37 9 -83 377 
-335 -258 -125 449 -430 -361 -110 -52 -437 -374 443 -145 312 335 -403 486 440 -104 326 -261 -366 500 -253 148 383 -379 -222 220 32 94 75 -312 199 449 -375 325 279 56 477 70 275 44 423 -458 234 -370 -454 486 -13 -304 -328 -39 213 -26 266 -342 -99 -401 -261 -63 -411 485 214 -282 330 395 376 -499 -488 277 23 -125 443 119 -245 -33 -68 -72 33 -267 237 84 -112 327 -427 312 21 301 -274 -476 -143 -358 -398 211 -272 310 -21 -30 162 -188 
-174 -401 371 -59 -177 46 9 464 -345 332 -210 -43 -37 -449 30 431 -288 -211 -261 383 19 256 404 80 -250 491 -164 19 -19 -164 311 248 246 -139 -89 118 -67 277 -500 115 28 -178 -377 -418 -51 -256 416 255 273 -467 166 264 237 197 -455 -92 370 283 257 304 377 -147 -194 -477 -199 -319 307 -181 464 -8 -288 -166 90 123 -233 441 201 -279 136 395 -87 481 -367 459 165 157 42 320 -67 277 22 -443 -385 448 170 -128 142 327 -339 44 
173 141 -301 438 -144 456 -298 -443 457 438 386 500 -344 -198 -350 109 402 94 -434 -475 -76 -340 418 54 -478 -12 -184 379 -185 -168 -458 54 162 -305 -457 176 -297 -272 178 210 -169 499 214 142 -443 245 -355 -81 -438 -378 248 485 -26 -457 349 -401 39 -347 -182 -65 68 62 -274 -233 265 348 89 468 -83 246 278 204 -200 -409 -360 230 161 -121 -471 86 413 43 -106 37 -101 197 173 -300 -376 134 -231 -283 -350 442 157 445 -431 148 249 235 
-474 340 194 282 -30 -46 -50 394 6 43 -281 -209 438 -387 -76 -485 103 330 233 -277 -425 -141 -364 -234 417 127 -94 427 253 -97 -257 -204 340 -365 -290 -244 -435 386 186 234 -245 15 -489 222 -354 202 327 137 -437 -349 324 -258 448 -331 487 -376 376 -204 372 322 149 262 88 384 -439 432 460 -451 324 245 -102 -202 -225 388 -145 -207 193 -500 -351 -311 145 -251 -445 351 -103 -235 481 291 268 269 125 -154 287 15 -198 -446 8 -108 317 288 
-166 -419 261 302 305 432 -4 489 -203 -276 333 -357 -79 -214 -321 419 169 -211 -364 275 -10 292 364 3 414 -477 -126 -322 215 -252 -186 -285 117 -338 -34 236 249 440 -363 -492 -397 -388 -421 343 331 -463 471 267 -248 197 -305 393 -196 74 38 114 -362 -259 4 -313 317 261 408 454 -214 -485 -318 -332 -185 76 450 -341 -2 -177 438 285 -78 -235 108 -350 -108 -281 63 -275 -163 112 -15 205 -276 132 -433 118 449 310 -299 390 248 -386 -152 273 
85 -411 -417 473 -48 -171 -72 406 -10 13 434 -478 474 -87 -63 -457 55 -481 -35 -307 442 369 -399 -256 -342 -48 40 392 -421 326 -25 44 372 -440 -13 -43 355 211 -451 -298 196 -154 444 472 306 -415 -481 290 -191 -167 -168 20 491 -206 449 -333 -326 261 369 15 381 -19 32 -56 -292 -240 430 -131 343 394 18 -401 -362 -279 297 42 244 173 -325 246 -355 324 -30 -330 -169 -123 -375 83 61 -245 -135 -407 -217 381 -128 -302 -280 354 -366 342 
-498 -311 494 380 411 82 302 483 100 439 498 457 -170 -221 -255 156 470 -158 -253 185 179 -19 169 -453 404 286 -422 -402 127 242 331 -310 412 -304 -292 130 -59 -164 226 -382 403 -362 482 318 -149 211 -405 209 -153 342 -252 90 16 345 -30 -2 499 40 -440 90 -220 -280 327 13 239 258 -483 78 -156 323 -123 319 312 -453 -264 -144 -466 -353 454 -151 100 -407 -314 -153 -244 241 -398 -381 -467 -64 -181 -329 318 14 -269 -425 53 412 -368 -284 
66 473 438 -17 283 -482 103 306 -276 325 -198 -247 -52 282 -177 244 -33 -449 309 45 -219 193 -300 239 252 -257 -279 231 103 224 130 285 242 183 104 -35 413 88 -171 268 -12 -321 -499 226 387 -378 -9 -332 -254 64 -115 -90 -130 -161 215 252 -357 -150 282 -73 -75 286 162 -73 -297 -366 -150 381 -220 -487 239 -498 128 213 10 -195 194 52 40 14 -307 -100 -178 79 -326 343 412 -499 -337 -17 -169 -41 80 -464 -2 447 -344 147 116 131 
252 376 -302 470 -396 275 39 -474 296 -131 386 278 367 346 43 141 215 -238 40 346 -90 -57 -437 209 -492 -86 -131 94 -401 112 -76 190 1 -310 86 -246 -337 237 -342 413 -352 252 457 356 -282 -223 -390 60 466 -209 -252 471 167 -5 -27 281 -35 -104 494 -435 -339 -360 -228 62 374 157 -29 72 -143 -118 428 219 370 -30 417 -459 210 178 -21 1 137 -166 35 216 158 149 422 -151 175 471 -40 -408 414 -428 -347 320 436 -195 -43 139 
291 151 -105 333 -27 -467 153 422 480 -252 366 213 -465 239 -315 -157 -100 330 -26 500 85 259 345 -237 278 -198 -323 -443 -292 -476 -100 -384 -352 -394 -18 -66 325 334 393 -38 100 167 3 -476 -481 350 228 212 472 236 69 166 70 28 487 -279 408 467 429 30 -500 40 -434 313 -379 -474 -194 -13 -328 -225 -298 294 343 -363 -418 144 -267 -286 -110 416 -52 175 -245 370 438 -395 -20 248 1 -157 32 477 183 -445 109 -180 -454 -342 167 -163 
-423 -176 -179 -302 195 269 -236 278 251 -348 163 -175 294 -55 372 -132 -273 -324 318 -112 -267 370 -12 95 380 231 493 68 73 435 438 246 266 10 130 336 208 -63 120 158 317 219 119 342 -13 276 374 -84 318 109 160 459 446 406 -411 413 215 -423 262 -228 371 -82 175 326 157 246 -187 -66 -430 215 -334 94 404 351 147 -161 -178 463 -476 -166 343 -109 88 109 80 -199 47 -183 444 163 -438 140 -165 -230 65 211 -416 -140 291 -24 
130 474 433 325 -283 159 -125 141 399 -104 -346 46 -377 278 -333 198 166 -206 125 71 -91 118 -476 204 302 463 52 496 -37 104 -113 296 7 -409 -388 -156 361 -74 -322 -483 -4 -86 -121 -27 -95 165 -357 377 -236 -419 -457 278 324 197 -333 381 -27 427 73 -441 -104 -363 386 -231 -388 -397 382 61 143 -32 -238 137 -401 -300 192 -357 -460 115 109 -357 248 270 -390 -155 188 456 -109 -42 -121 -379 182 -191 -112 -189 369 360 -38 28 -25 353 
101 -336 -13 29 152 256 -430 374 -130 -212 164 248 -202 -192 -166 -317 -341 -217 -480 322 463 -320 167 233 19 53 -104 471 262 180 -231 -246 121 352 454 -289 -352 474 -179 157 133 -418 -258 324 319 259 -395 -401 -439 407 310 -2 35 148 69 167 -398 -92 372 -478 -84 347 -224 -143 -207 -9 477 -271 -374 -499 149 -446 -436 -29 -40 281 45 -435 466 248 395 -278 -110 249 -317 -215 474 346 -370 396 -484 330 -162 -46 -81 -439 -261 80 21 324 
65 -75 -66 -13 -177 -1 167 -298 -24 368 57 471 -235 440 -313 -273 110 397 -155 -305 447 26 340 124 76 364 500 -266 306 -242 -218 -311 -171 290 351 -252 361 315 -380 420 -135 -351 497 280 -113 141 -261 -313 -75 225 325 -219 -58 -139 33 250 214 -396 491 -92 -257 3 34 -417 154 -315 134 -426 363 200 -272 39 -381 394 416 -162 -51 -206 -490 -173 -33 -94 9 -74 177 -159 17 -149 -216 60 -375 420 63 207 -210 341 11 203 177 -142 
28 -336 -16 -216 494 118 278 353 422 355 -408 35 -364 -431 174 -135 -364 -459 27 -62 -342 -485 89 -54 308 8 -136 407 36 -70 53 -257 -165 -407 -178 373 329 -424 -405 -314 381 -34 -477 203 410 107 -164 362 302 83 -12 96 273 -280 -150 260 203 -398 356 196 -455 -279 152 420 42 -302 398 499 -446 -159 469 -474 -168 -78 479 -133 169 -310 168 297 -337 -459 339 294 -100 -250 419 -496 64 285 -103 27 375 -417 89 364 -336 -353 419 -304 
176 244 -114 326 199 328 -496 -215 -62 -440 3 -325 -312 318 -417 -172 -172 57 -223 134 -195 484 173 -56 -123 122 -378 -10 335 400 469 405 -424 171 318 -402 323 255 321 497 266 -354 -178 -163 190 274 154 -468 318 -239 -121 443 -33 481 268 108 -16 367 -190 320 -94 -177 -472 -168 474 -29 -338 -466 -191 419 34 113 426 54 -280 -260 383 75 42 -276 -254 -136 192 -52 -415 403 231 136 28 462 140 -459 332 364 -417 -216 -341 -299 -364 87 
-79 171 145 -287 451 60 303 65 3 412 -192 -152 -199 3 18 -479 237 22 287 -346 184 87 413 236 -434 -74 10 -39 186 192 -416 1 -224 288 380 178 -68 69 -216 157 417 97 -267 393 278 -153 -436 429 153 -449 -11 -355 -241 391 254 -110 163 347 478 -83 228 -345 -57 38 499 423 148 186 -341 158 -287 483 497 -66 98 -391 -243 230 -313 499 -212 -78 -255 32 387 -95 190 -112 -400 -306 -54 -367 67 53 74 -171 -440 -156 175 -29 
-215 -432 -135 191 -389 51 -497 -230 1 10 -221 443 -4 -388 357 -130 -326 331 -9 -496 -123 491 255 -261 114 -143 -206 126 114 -356 -123 -35 377 168 215 -331 -313 125 -175 448 444 4 242 178 223 -472 -60 -441 339 333 221 86 230 363 -77 192 -57 -319 -222 302 -171 -354 -463 2 -261 -346 -427 -183 -237 234 -18 358 413 -227 121 410 101 -343 -460 484 -149 -425 -217 -32 -296 -160 214 206 -122 60 131 200 -22 -12 196 -340 -208 -291 285 -97 
140 -447 245 -209 208 495 -154 -486 -189 -106 -470 217 43 73 402 12 -52 -155 214 -344 65 -336 -341 -280 -469 -485 -235 137 3 -460 -235 -350 419 192 216 -162 421 223 -60 28 250 334 42 -290 191 391 41 298 46 -326 244 -164 174 -447 -483 128 446 77 126 253 -494 292 -55 268 61 270 470 -155 252 -434 -54 -207 21 -172 -270 488 162 372 296 -347 -492 68 -268 -257 238 -460 -279 100 158 -210 3 -486 -280 283 100 443 138 402 462 124 
-281 -41 -386 -130 -494 22 -380 -312 -152 -111 496 51 -80 203 375 -440 -92 -265 295 -374 -128 100 -375 198 382 -322 285 -412 -119 399 -324 6 395 -305 -251 -146 -250 -461 9 250 -173 214 -431 358 418 188 137 -44 433 -136 100 144 -83 -220 -289 -323 -420 -174 -44 84 -431 383 -80 174 65 187 -49 415 -430 195 -76 18 -264 112 -466 436 -475 461 19 -499 280 -419 239 181 145 252 298 465 405 -149 405 -139 -3 481 -473 482 413 -11 -112 -111 
101 -267 454 155 471 -378 -213 64 -404 -323 39 1 141 -430 -98 485 -473 -217 346 -480 -174 121 347 119 349 -13 287 287 399 -468 335 -281 119 437 -160 -71 467 447 -494 -104 -457 -207 323 -495 -323 -333 -408 481 -440 118 232 -247 479 189 -110 -63 -81 -138 -12 493 355 298 -417 -68 94 452 -232 -145 -207 40 431 -194 -137 433 131 472 246 337 -20 105 -237 -86 260 -10 397 -388 -262 -228 -20 49 -212 152 -149 -241 395 32 -38 -173 -290 81 
372 -27 484 -130 185 251 -164 -256 71 -276 25 73 456 -454 367 331 173 365 57 -331 113 -321 -371 -163 -225 -103 -456 239 448 332 241 114 473 213 221 8 133 -231 87 263 -404 -409 -125 -49 52 -430 475 -498 246 -310 -2 -7 -210 -397 21 116 -335 -321 -430 -157 -283 457 3 393 77 61 -310 -456 -460 -289 -463 352 85 -155 474 -461 230 -138 -316 317 459 -49 -164 -54 1 139 -3 101 -239 -17 -380 -205 60 120 397 -417 13 -84 322 -78 
390 -485 113 104 -226 -413 206 220 147 176 -211 484 -454 -261 -1 209 -455 -233 -406 -223 9 458 410 -378 40 -369 -331 73 456 145 -110 356 301 152 -173 -419 186 350 -314 -430 -499 212 -186 389 452 -69 -320 -222 449 -41 53 -91 441 485 -412 -428 238 -403 30 -483 -147 -499 -353 103 18 -156 -10 108 -225 366 491 292 393 65 478 -309 -374 -304 339 299 -181 318 -151 -382 -472 176 -482 134 -247 -151 229 206 -165 -477 -141 -282 -20 202 -151 -293 
296 -259 456 230 314 423 174 -496 500 454 -318 -410 180 402 112 -174 303 -337 234 80 247 -327 77 -399 180 -138 -132 38 -13 316 477 34 312 288 -347 -243 -294 123 222 -293 -208 -182 225 -463 -131 359 217 -220 -446 -444 497 -38 -99 -489 261 43 -474 -457 319 203 388 -266 -298 296 -95 461 7 130 447 -395 -16 470 322 109 -264 378 238 -398 -385 -290 56 -176 -418 50 -174 -142 142 55 8 -129 -53 119 368 4 323 240 489 473 -405 -286 
265 481 -357 249 386 204 172 401 -27 49 344 -281 325 -385 -226 145 259 -148 -138 260 -264 -246 -68 -406 -223 -466 283 -257 274 273 496 391 319 -129 292 340 -353 -490 -312 72 -207 -465 -409 304 477 265 -173 224 -432 199 -392 470 -376 -307 -222 215 -463 164 118 20 353 -444 -62 -489 203 200 -359 457 -155 273 -324 -438 -285 -34 380 -340 121 -249 -211 235 210 -140 291 -351 -268 -222 -476 -244 -456 179 -254 80 -318 397 3 246 54 -485 491 337 
74 11 -169 -372 -240 -173 -295 -495 244 -23 469 15 113 -466 359 -43 83 280 -139 -451 91 -321 454 -77 230 -449 333 488 -143 322 -483 239 198 -73 410 383 334 -55 351 -12 -175 119 -91 -373 -229 491 1 -203 -428 -29 -484 -281 237 178 51 274 118 -94 328 -417 -372 -462 -145 359 -97 454 110 -268 333 -212 260 -286 -489 16 -436 -58 -90 460 324 -123 128 -52 -371 10 -16 -385 -188 435 -128 4 -377 -151 -48 -112 -258 -150 -349 129 476 314 
286 -363 495 -443 285 -38 153 -5 453 -158 -428 200 58 285 -279 -148 9 271 -152 -239 309 18 386 300 -92 -231 99 -485 -174 203 68 341 -68 171 241 90 442 -45 314 176 -85 -253 -2 -56 -179 -178 161 46 -276 -241 100 -489 -245 -119 -272 -160 -38 -405 478 -412 -425 -361 -159 58 -247 269 -457 303 70 94 -259 -151 298 497 156 -336 -356 208 408 -221 86 -143 304 280 100 451 249 -32 -470 24 -33 -444 -275 -176 -393 395 -312 258 -171 163 
-369 476 370 -330 -104 455 -6 -99 408 -284 -417 -165 -453 -175 -250 -106 -395 482 495 -110 -390 309 468 188 65 -245 -224 101 -382 356 -79 -249 71 258 473 175 166 88 250 -462 -69 25 -64 223 -29 351 238 -155 498 -22 -172 420 181 83 -36 407 -59 50 -153 -126 -243 -417 -241 174 -164 450 -272 86 228 -149 -277 -141 438 -361 322 -492 -193 -20 54 347 -321 26 -17 205 -451 363 -260 100 409 316 428 342 380 -205 -3 -419 -184 403 76 11 
384 -197 -62 167 -201 -121 -189 461 -100 -289 492 -242 -431 56 463 115 -365 -233 365 387 391 167 321 458 -132 -201 -210 -332 -252 109 356 317 179 -403 296 -371 447 141 139 -481 122 -457 -493 -242 -463 81 -383 -29 34 -306 90 -363 -406 42 191 -121 -103 34 -426 -350 107 154 -453 -135 192 132 -179 -140 -93 -176 467 -358 222 343 57 -123 393 -95 82 -182 268 -443 -446 -100 -435 -438 -247 -256 -412 474 360 389 -321 -257 132 111 257 -133 333 118 
-224 -166 445 -272 233 500 198 349 -158 -469 194 -209 155 -19 -70 225 336 228 -305 150 62 -475 -193 489 398 -128 -447 -211 409 156 298 327 159 481 240 43 325 121 404 8 487 -108 280 -249 27 427 -126 317 -64 -198 456 -457 457 -5 -141 360 -242 101 -339 276 -332 46 -338 -249 -231 -146 -160 8 -389 453 -80 276 391 -206 -224 -390 479 -119 404 -365 -391 -488 304 312 -433 -116 -114 -252 -230 -488 -460 -479 -203 -431 198 455 285 358 -137 64 
-238 -332 275 129 -310 96 -104 339 -16 231 171 182 68 -437 316 137 -265 327 225 350 278 273 287 187 -66 375 36 202 -156 458 363 138 -398 330 -453 -314 -323 -96 -17 -305 113 -197 -208 -30 -215 -366 -32 -362 -445 -158 325 -186 -162 393 -400 -232 -310 220 -298 139 -1 26 -469 -4 -260 212 -427 -389 417 224 -100 266 -180 78 392 304 -168 -77 -135 197 -381 -465 407 -285 -106 -377 -198 424 494 278 179 -297 305 -443 293 -249 -253 -459 230 31 
-256 -275 -10 -197 -382 132 24 380 63 449 -149 56 -268 -264 -418 -72 357 113 326 -366 94 424 477 284 -23 460 -37 389 464 120 31 130 291 253 219 -371 -51 -118 465 -316 348 365 -226 -428 -379 310 140 -286 325 -41 253 -200 -256 200 191 -228 -253 307 273 280 -29 -344 433 351 80 409 456 -318 -56 -339 -278 144 264 110 -421 420 274 328 20 408 -35 -480 416 -480 -423 -49 -15 -411 -360 -348 -326 -388 65 -146 -151 461 -179 425 -252 131 
451 350 -31 106 211 -383 -135 201 443 416 402 -196 162 120 -325 -143 492 -319 -60 -219 252 -338 -274 412 482 -429 -140 50 63 -215 312 -396 318 28 -357 452 -371 27 111 66 -206 -396 -333 393 464 289 195 312 -372 -89 -148 -364 316 -444 -468 71 133 -66 -104 -407 197 -387 -151 -437 -4 -143 254 356 22 -56 124 -418 188 -328 90 139 -256 -451 336 -190 -492 -448 -341 -79 236 404 -41 234 -269 -183 115 -85 388 419 266 -154 -319 -132 490 482 
86 295 436 119 -404 241 -11 -189 394 -15 387 189 317 -245 205 -489 -151 255 -389 -312 237 -144 151 -73 -129 -46 272 167 410 145 344 -448 -360 203 390 -364 152 243 465 -10 -252 -50 -296 399 43 -488 221 -295 -390 -317 -29 148 -441 32 -297 472 -453 -144 -352 500 36 82 -136 398 -35 162 85 467 272 -121 297 263 312 -488 -323 283 -204 -74 66 -315 258 -40 127 82 233 -27 -348 -354 471 176 -262 -73 -302 -76 -92 -213 500 -211 315 324 
-390 -314 418 482 -40 480 298 336 -194 -105 -329 -116 -361 301 -3 -259 -268 -250 68 431 -171 -383 -419 437 -196 -250 -487 428 252 -243 164 -163 266 195 -288 -499 299 -138 -482 116 -107 -44 265 -447 -34 48 18 398 493 -237 33 467 -472 -348 485 2 -90 -348 225 447 400 438 222 -80 -110 151 -263 -112 353 -421 26 -434 478 28 -115 266 -337 426 -360 387 -452 -375 389 -253 329 421 -141 9 120 282 -73 159 250 355 90 67 -298 -477 93 -63 
102 -302 -64 497 -431 -113 -471 217 171 26 302 255 445 -263 311 -91 49 304 -119 -203 -281 23 214 187 300 370 -488 -228 390 -293 105 -63 -417 -163 215 210 -368 -145 -419 189 -463 123 160 86 -474 67 79 313 -297 442 402 -477 -118 -305 197 -13 50 76 -72 74 -169 34 -118 371 111 -28 -196 91 -19 -175 400 385 189 483 257 -119 -447 -157 -375 411 171 390 -424 55 -31 -43 297 -467 96 -414 -4 255 120 357 -257 -1 89 -186 -301 -323 
-39 173 334 362 235 111 16 150 -355 109 -384 -96 -41 -359 -439 480 296 -267 211 399 -271 140 -273 395 -162 -134 -435 311 -202 211 96 -396 26 366 318 -397 -124 -389 24 -166 -405 286 -221 -41 -456 131 166 237 296 -264 -375 162 -151 93 326 -483 82 -115 -326 99 263 -119 497 -113 -92 -118 84 -265 -218 -418 160 -144 92 418 -335 76 -295 -166 89 -7 -168 -262 -460 257 -217 -218 276 -440 -368 -105 491 -40 -155 481 173 -396 -339 33 376 -439 
103 -470 -167 -22 -445 -94 303 287 -460 -257 -491 310 -352 203 -206 140 -378 26 -194 248 -168 -350 -13 205 130 -496 403 27 22 185 -337 165 305 -314 351 -365 -44 -259 -395 341 -370 476 439 -218 399 451 -121 -135 150 -434 280 342 471 -180 147 469 -343 276 -239 -228 -168 98 -421 -313 152 -455 200 30 149 -486 197 369 -481 252 -192 -471 -419 -292 195 -463 -470 -17 -202 -176 -485 427 -259 -142 -387 -286 -401 471 30 84 190 176 -181 -464 173 493 
211 -251 -239 -452 -222 141 -319 244 136 -167 -456 283 310 169 311 -73 315 -104 -1 -257 389 -392 -463 394 -279 56 185 401 15 136 -87 174 -500 -345 203 118 312 156 -185 143 222 161 -430 -52 -439 346 -21 449 -212 131 -195 -393 81 -140 379 -261 181 347 -174 222 341 -267 -483 -324 157 205 441 -264 -140 -413 269 -229 371 -165 -31 147 34 307 -72 -75 400 -15 -212 452 43 271 -325 -356 56 299 -410 195 -225 199 404 295 178 -108 484 -396 
-471 338 48 64 -237 26 -403 -477 -191 424 -112 -163 -446 -261 -401 -295 -491 424 499 459 355 444 -384 -24 -439 -93 -91 -385 -399 51 -63 -407 -80 -217 -277 -224 393 3 432 61 -88 261 -337 -401 -306 239 -250 -176 -210 -247 -142 -31 -419 -19 -453 -190 -354 -443 389 -480 -249 331 474 102 92 314 -231 -269 -470 -104 194 -39 262 -247 -481 -432 277 100 202 -450 -174 -472 331 -32 451 298 226 -244 -385 -397 330 -230 330 356 -490 148 347 334 -225 346 
199 113 -494 -448 206 -217 19 410 -253 -387 474 -246 -103 -32 -187 23 131 306 48 217 339 378 436 -229 -84 399 -437 -359 337 448 -299 -230 37 133 255 178 128 38 -59 -122 -136 61 -39 -26 -471 54 440 -492 -92 283 114 346 -274 -404 -345 354 -126 243 473 -222 273 112 -483 -30 131 -353 -442 483 164 228 -62 66 269 256 -271 -263 -229 183 66 437 -458 180 -481 110 49 396 -192 159 -33 -448 -106 57 -46 372 -368 -474 -443 -51 292 -130 
426 430 39 427 -277 -242 -426 351 44 482 -82 -150 170 117 406 -419 41 -427 149 -258 336 -170 237 -405 -49 -288 210 -79 -280 439 20 -35 -112 190 -204 -58 173 -67 -225 331 -108 -262 471 54 186 383 -197 -434 -164 333 164 312 -235 -185 298 -453 102 107 341 -417 210 -102 94 181 -231 -267 263 -467 27 -445 1 -394 -419 402 181 178 57 19 217 292 -194 -308 -434 -312 210 427 -236 316 433 234 149 -412 -79 -384 186 7 146 495 -254 268 
103 175 -38 92 -434 -400 330 259 -234 -384 -495 -384 34 216 -91 336 190 -74 202 290 -188 -67 265 -191 382 -191 6 326 102 138 -177 452 238 102 452 -386 383 6 14 -317 -146 -32 -332 15 105 -302 193 -200 328 -355 497 -21 -109 76 -326 77 -20 -380 -221 249 186 237 -157 408 -415 163 -147 372 115 178 -265 184 -447 -221 -322 -260 73 -479 179 -420 437 -67 183 65 -161 -458 -47 176 -165 424 -53 -375 262 -384 233 206 -452 -140 -348 64 
-134 -192 245 -431 496 -113 5 166 298 -105 381 500 441 395 231 117 -476 -177 -157 -436 -98 229 385 -292 287 -405 69 381 -23 -342 486 373 113 104 -465 433 189 -18 2 -338 -465 127 -169 -255 -497 393 -337 237 -291 -246 7 246 -387 -299 -148 -349 -250 -338 56 375 -450 -148 -344 110 364 -236 200 400 -289 -204 -211 -309 -116 417 -357 158 461 19 181 -170 -126 -206 -76 148 54 -469 173 -143 -328 -28 64 319 -456 -120 -389 55 495 -432 206 438 
-323 -342 -72 227 430 -492 57 55 -125 -139 -204 -306 -496 165 96 -370 440 -271 -178 -247 -274 456 491 -359 56 102 -233 -256 37 428 -433 -22 54 -145 269 -290 56 -324 -434 201 100 -465 -477 -247 427 206 395 -58 -307 -411 -388 -13 287 144 261 -22 417 400 -408 -474 27 292 -261 164 3 294 219 -406 134 396 -46 110 -230 -372 -65 -252 53 -407 227 396 21 235 -321 500 298 -233 122 115 331 476 8 -60 -479 -32 -148 60 -499 475 226 33 
308 215 465 365 221 -435 -356 206 286 -187 282 160 486 -463 -82 63 -476 329 57 -283 -315 77 276 37 52 -471 -40 126 -288 233 437 395 -408 -477 53 237 116 104 399 14 21 329 240 -354 -352 403 83 234 -123 156 175 374 -30 409 103 271 168 161 198 211 -259 344 -95 -135 407 -304 109 76 -372 23 280 -241 432 305 -166 1 439 302 34 200 300 -29 24 -237 42 194 394 -71 357 -192 72 -301 179 -117 -196 175 350 -417 420 18 
-144 23 -57 -379 229 316 -52 282 464 -247 176 -456 -367 11 90 406 126 -311 4 113 114 -89 252 -260 202 -94 -475 -396 -114 -272 -260 -324 -181 25 -130 -145 215 42 -186 285 316 -93 379 -411 64 -89 -295 -43 390 -289 -401 -387 131 21 434 -51 136 -13 79 -256 15 -386 273 294 50 -329 -283 393 124 -203 77 69 491 445 -242 371 94 -262 -386 412 80 -216 246 -24 -186 41 233 -71 60 -286 -291 -301 -185 76 378 175 -187 -284 377 -193 
119 -115 144 -23 -400 407 -276 373 136 -446 -341 462 -41 271 -481 -163 -275 -332 95 31 374 -377 -282 -125 -171 302 -267 -246 399 -22 395 366 -289 -400 230 -107 -206 -289 347 -258 497 -86 -240 429 -231 -189 -442 -4 111 -299 7 -212 -165 497 446 277 457 -215 376 -382 -273 -375 -99 -480 -110 -420 183 -60 -297 -46 480 -165 -95 393 55 -221 -197 210 185 273 15 -59 100 -496 344 185 -489 464 270 -80 433 112 341 336 -119 315 19 -37 -481 483 
40 -500 -146 470 54 -54 -276 344 283 -193 -54 -458 -319 114 103 -270 284 -391 -45 77 32 488 -214 -106 -21 -208 217 -155 273 140 -287 61 -81 -398 362 180 29 162 280 68 143 -262 -372 -375 -118 400 349 -288 144 -400 -183 -218 -322 -327 -12 -361 464 -236 169 372 425 382 13 176 486 -367 -475 -419 173 -394 -496 430 -304 -207 74 -401 129 337 -266 -432 -123 -496 -449 -83 317 372 140 276 -296 -351 465 473 242 -442 -420 -241 459 -299 -442 -393 
-105 -52 382 100 -417 297 -165 -47 -414 270 -442 104 -399 140 -253 -105 -401 426 476 -68 -452 -138 462 -69 -122 -391 434 -100 143 124 460 150 -48 -471 49 -395 500 -385 18 193 -433 -302 -82 -390 -212 412 -336 363 -437 425 452 48 -298 -288 -204 -334 -1 -70 -37 422 -253 250 -237 -313 -128 254 174 -484 381 45 499 -376 453 -93 53 433 115 -72 -89 -362 -281 156 111 162 428 -447 -297 488 -314 445 100 -356 -289 -170 481 -330 -240 331 -262 -336 
300 72 -37 -241 375 58 240 108 130 186 -86 431 311 -442 408 -243 443 -268 -279 -340 419 -352 -205 202 212 383 -231 58 -129 -178 -325 153 -396 265 -98 -111 411 -217 112 -161 76 -215 -15 -400 494 -213 -118 -91 425 -320 46 -404 267 464 343 277 151 -342 -19 6 326 102 -144 -219 -344 -277 13 285 457 -185 467 -30 10 485 326 135 -119 3 443 135 43 360 267 -341 -175 404 -239 66 -478 -148 -214 -442 -24 376 -425 -86 228 390 -356 -234 
-295 -7 -406 -236 359 471 -107 -106 320 32 493 -172 6 -398 -97 385 162 -262 152 320 372 206 359 -5 148 -256 31 7 -3 48 36 23 172 -462 74 -45 -27 -150 -442 -189 120 136 399 -174 234 -23 -3 333 -320 -360 -366 158 436 267 415 79 -68 492 -361 -157 -162 -101 488 298 -201 417 291 192 138 9 -42 281 195 -144 -474 395 150 -434 461 487 -404 181 483 483 253 177 -138 253 21 -46 -255 -26 -465 -453 -287 -251 -299 312 78 269 
405 458 213 -229 -177 302 -328 -78 -257 -491 -252 292 403 174 -472 -404 354 -254 -357 -34 -403 307 65 282 -240 -342 70 153 -325 32 -172 -329 -12 -443 135 -269 -130 330 126 -78 -78 407 206 477 -404 54 199 -93 -455 -165 -176 256 -423 -54 402 -277 419 99 -451 -315 125 -491 155 218 -458 145 120 399 417 -295 -309 -278 -339 325 -245 345 -321 -3 201 420 206 -437 30 301 -210 -476 -32 28 -461 32 -81 418 382 53 10 482 351 -454 308 -327 
-236 421 -119 356 260 -433 -84 360 -391 476 -16 454 133 -326 401 -288 -278 26 346 -332 288 -171 -317 64 132 -311 415 -497 272 -139 490 -244 28 -172 -431 393 173 300 -9 -295 -367 -145 -380 136 159 21 414 269 -372 -270 -348 14 -98 204 -164 -178 -4 461 426 63 24 -492 119 437 171 295 -361 495 -58 80 -33 183 -456 448 296 -297 209 -8 -449 423 -381 130 -151 486 31 -246 -482 348 -488 -99 278 -354 -101 81 481 167 -267 291 -250 261 
479 -241 314 411 245 121 -348 130 -406 429 -273 -335 15 226 -403 -255 -133 -458 444 464 459 -292 -429 406 -283 -304 -78 -89 -103 96 -257 204 485 320 -470 -364 -28 240 -74 119 342 -125 -112 420 406 -228 -99 454 275 -129 -239 139 242 -32 -252 21 -8 96 165 24 -471 -99 -176 -418 345 -489 132 208 285 33 169 301 26 -48 362 232 121 442 -398 -310 -43 119 478 140 -493 179 279 -317 -418 -54 425 131 268 348 -256 -304 -281 -472 -427 -259 
-224 470 464 257 -286 -218 -301 -444 -22 -438 297 -239 -148 -491 -325 -431 -132 199 118 1 -38 243 -321 -82 249 -427 -70 223 -345 -129 291 449 336 393 -439 -458 -43 -381 398 356 -478 -461 -387 413 -36 192 -189 -430 -420 484 2 -175 136 197 168 -136 129 -399 -252 196 -460 412 -278 -315 -445 389 492 102 155 -88 299 474 124 396 -310 355 278 -329 -238 271 453 -150 -217 -429 -236 -149 262 -432 328 398 99 -53 -356 -301 -366 20 177 253 80 327 
-190 -418 376 -108 -456 -430 195 -71 178 382 -285 -257 -384 393 387 -77 -134 218 426 -271 -100 424 399 310 23 -359 -366 -399 -335 -122 -186 459 -23 465 336 -240 300 84 -185 450 95 252 38 -250 115 -317 -220 435 349 331 223 262 337 -153 357 -365 -241 481 -385 -272 314 -162 42 445 399 -409 376 482 88 356 437 276 83 -491 -398 -6 307 -354 -326 -21 16 175 -73 227 261 -454 440 -291 113 -352 63 -493 -357 13 438 305 156 -242 21 377 
351 220 313 110 256 494 411 126 -476 -375 -47 324 -397 -303 -261 -111 182 427 -494 -387 -378 -193 45 -146 -372 412 244 -31 -355 103 -480 6 -394 -202 -118 -49 -284 -215 77 -343 -236 -238 -27 -413 453 -119 169 -5 340 -340 -152 -239 -282 100 -332 -381 395 -238 -199 65 -379 -192 474 413 158 182 395 435 -470 -405 192 -223 -180 452 -99 -159 119 -299 -306 404 486 -242 494 403 -220 -353 -61 -188 -86 35 -393 -428 -101 392 -97 447 316 216 419 -104 
-33 -82 355 -138 110 -65 -295 -390 418 -36 -114 31 -205 -463 152 161 -2 -170 108 -111 85 -404 43 -57 82 239 -321 -242 80 -95 -373 336 -187 -435 -443 398 266 59 379 407 410 -66 -360 409 -13 -62 46 -250 372 -467 49 -389 -242 403 251 -164 -261 166 472 12 202 453 322 448 -130 -113 -486 -441 -465 61 -150 -250 412 420 85 -416 -331 92 125 215 -151 -394 69 -326 83 82 -81 -450 -422 362 -332 -181 380 347 349 13 351 65 443 -313 
108 402 -148 -403 217 -207 35 -393 -179 -109 -128 -246 128 -254 444 147 348 -7 70 -199 -49 102 -55 44 362 -224 327 279 7 -201 33 152 294 -432 232 459 256 -297 -78 -31 -204 149 -178 -306 418 110 -117 -144 -292 -18 1 422 44 286 -353 229 372 462 98 -276 -317 350 -25 -123 277 -175 -454 246 91 -423 -463 477 -311 48 245 -245 -360 -495 -367 115 309 96 206 342 242 -307 -283 261 -289 194 449 -474 50 -193 -17 -466 7 349 -210 179 
-321 -459 -383 -195 -397 363 418 -237 -209 292 124 351 -459 184 -168 -245 28 -136 116 11 -184 201 46 -204 171 -441 -340 -174 319 23 -304 -361 199 -293 353 -156 257 143 244 112 -445 367 484 497 51 318 -164 -379 375 -480 -257 -84 -337 -147 192 -273 487 -21 -418 -179 160 -297 143 410 51 -100 -329 -153 -423 -332 126 12 -486 209 26 -356 160 -179 403 363 -381 -258 -417 198 -241 15 -197 -43 -21 50 -135 107 -444 74 -342 7 246 4 149 196 
138 -224 -195 55 265 -217 -376 448 -15 -215 -53 -434 370 260 -373 -400 464 469 425 285 -407 -402 264 -114 -240 109 -49 21 -349 -114 -187 -172 -102 53 103 18 419 -276 -450 -235 126 191 -115 441 154 8 347 -24 -54 124 4 26 -176 485 -403 15 -309 363 -141 -16 38 -35 -5 234 100 101 110 358 146 470 254 347 73 -57 -168 34 188 86 379 363 221 -477 485 470 -428 -135 -103 131 -121 262 486 147 -294 456 42 -408 -212 -440 135 38 
473 -289 119 -395 240 395 -314 372 -171 18 -56 -383 119 -227 222 352 -16 -430 340 391 -296 -295 411 -187 -366 177 161 -268 418 41 247 360 -498 -259 298 -65 478 -92 16 87 -464 -105 389 -484 -152 106 -407 -132 461 16 -473 480 351 78 -395 -266 -304 -270 323 426 -367 -265 222 270 181 203 499 -296 157 416 290 -106 205 423 30 -148 150 -184 -106 -272 209 341 209 -46 -487 -84 -346 -151 -146 -50 -401 -222 37 317 407 -245 -481 -416 416 407 
303 -100 -322 188 472 83 -322 -382 -165 281 -35 -229 463 133 -92 337 15 -93 21 215 478 -63 -236 397 179 -18 288 -292 176 460 194 -267 -399 -151 215 -92 -413 -373 381 -245 -254 -471 250 70 -173 -242 326 -327 -282 -121 81 308 -92 -417 -210 229 -494 -459 500 -97 276 -434 -216 13 497 297 376 138 -31 -497 -346 202 -175 2 -220 -204 -238 91 -130 -301 175 367 -74 -449 -11 115 162 -278 298 -218 79 319 -134 483 79 51 -220 -433 306 -480 
131 284 423 -387 -162 118 -102 -390 -6 -122 -360 366 -283 351 -102 -118 464 -486 -315 284 -381 10 447 -124 263 434 -240 -150 -215 -178 -16 -42 134 278 16 -180 416 218 82 -486 -235 -40 -177 -74 345 -52 -288 405 350 88 -31 -409 481 -258 370 -150 -33 106 439 -329 -254 133 414 172 -479 -125 47 -236 87 188 -144 1 -342 316 190 12 239 88 139 -395 -294 -423 417 -26 -37 405 -212 328 387 -160 140 241 5 -349 304 331 -236 -176 -500 316 
67 448 -399 162 -473 -227 141 -219 -498 -46 81 86 92 210 126 431 -65 312 206 -399 -443 -48 -428 475 -10 -114 -434 -91 -499 238 -324 55 -375 -479 218 223 -1 -341 372 321 -268 125 -364 -86 -201 -269 -178 419 -349 -165 32 -399 -246 247 -397 -216 253 215 131 7 -8 -268 179 -88 -6 -445 45 -54 16 479 175 299 -208 92 487 281 229 300 90 213 301 136 -213 152 479 359 235 -339 -155 -261 -457 -236 -314 -27 -97 107 115 -160 -365 246 
424 -325 -51 221 447 365 -446 379 270 -356 -448 -463 -177 -313 -227 -85 132 -125 397 195 -142 182 -49 -146 350 267 -141 248 215 -38 -399 -34 -165 -220 -80 -343 -67 110 266 -58 88 245 -175 -126 417 26 -415 106 389 306 -4 397 -374 303 -185 172 -84 91 -454 -242 182 -245 123 -281 -213 85 116 -492 162 48 175 -415 156 -441 182 -80 3 -430 -161 136 353 78 -397 23 -123 -100 -81 378 7 86 -274 197 128 87 339 -391 -487 -38 331 -260 
-461 373 -367 -116 -146 57 454 -288 -482 -480 330 -329 -275 -108 -353 -251 441 -345 -72 364 -30 460 -482 -150 -23 90 -409 62 -189 184 53 -15 -117 364 -330 -321 -148 441 -446 -45 -428 -199 -400 281 58 337 410 -241 159 369 -328 361 -457 7 -157 227 319 -39 -493 -384 -463 455 20 441 -421 -448 64 -180 447 94 173 31 -78 -316 150 300 -488 218 -207 -356 391 187 373 -377 273 -118 -62 32 -119 -59 -183 -381 464 -413 -340 -298 298 479 -224 -372 
-193 -197 -375 -260 87 -219 -405 -322 73 193 146 443 -203 275 -233 -134 -14 -457 494 -497 468 -155 -224 196 475 -158 -13 116 -342 -412 164 -234 -202 -152 322 412 280 -139 -119 421 -415 271 -152 -375 -28 -86 133 -372 -64 -390 -197 486 294 23 -433 -475 174 -153 32 -49 -221 292 103 381 -489 -115 75 -52 170 309 -68 352 175 -13 -56 -426 288 348 208 -8 178 -113 -354 454 264 -453 -272 434 428 91 106 -11 54 227 -193 -2 60 227 -315 44 
-216 -36 -135 113 -387 -411 454 99 392 231 -306 359 -381 3 226 -25 110 -161 282 -500 343 -311 -486 -38 -280 50 -480 -466 -205 218 -355 -371 -464 373 -92 -316 65 -63 183 249 -43 361 -2 -120 442 182 -208 132 -89 -321 -255 -90 334 -63 147 -434 2 -387 -156 463 -239 486 -208 -247 -312 340 -449 -188 205 43 270 -273 -182 213 386 260 68 64 -37 8 295 491 -487 92 162 -242 -112 -314 -71 -351 -217 187 48 414 -91 -414 -135 -244 -311 185 
-151 -160 372 -450 -140 236 244 -272 146 451 131 -91 316 -57 -285 -404 490 -314 70 228 215 -265 125 321 -312 4 461 115 -277 -4 436 463 -198 -422 -23 476 -147 -270 42 -177 -313 -39 -272 -210 119 385 -329 287 356 218 246 255 500 -61 397 -81 -130 -96 3 397 198 -110 407 -276 -222 -447 49 158 -253 -20 278 -444 -105 434 -211 118 211 380 -73 -407 -405 -379 283 -483 -326 -387 -86 216 -36 -125 337 291 -150 464 183 314 -61 188 -112 -363 
224 -330 -13 -7 -434 108 -460 43 -386 90 -447 -418 387 128 -224 207 430 379 253 -395 126 -292 -465 110 -353 -448 53 -258 215 291 -353 417 -3 467 -58 -236 -347 305 163 57 -342 392 -475 -263 -337 -423 -312 -189 -114 -14 -72 -459 420 -150 349 -318 230 171 -210 -138 385 -116 198 -150 318 54 120 400 -370 -74 107 154 -129 270 347 -90 -182 487 446 -391 -485 337 86 114 -309 69 -130 -402 419 412 -83 318 -53 -499 -490 153 12 -251 80 5 
-227 393 33 314 229 -342 378 -348 -353 470 -375 291 -62 9 177 229 55 -398 -69 328 -350 174 -156 212 489 -495 354 -296 -161 94 -329 32 -88 -460 -58 -18 -271 -236 -230 -27 -297 343 144 184 -315 217 -220 -326 -451 -242 -80 -280 483 -110 -151 184 -150 217 172 -134 -465 247 425 177 -398 -300 195 -29 -437 328 -428 -298 -428 -271 186 -316 247 113 216 191 -445 -314 -493 -167 270 476 176 364 417 401 236 272 51 -75 300 -177 -331 49 104 -430 
-115 -139 131 -467 -159 -259 -131 -66 180 -141 -59 -191 367 442 347 125 110 297 -404 -340 -254 -312 405 319 427 -378 289 -152 432 133 223 -437 -252 245 -293 -67 -159 -424 -374 -22 -116 405 -247 -3 -397 460 -164 -342 322 65 -395 392 -67 427 -480 9 -41 -246 -287 115 1 -347 49 81 389 -144 460 -378 -474 211 -164 330 450 91 -272 492 -406 180 254 60 306 -483 -385 448 243 -403 -209 317 -299 -139 197 428 78 500 -287 -475 438 -352 137 96 
151 -250 -355 115 -26 256 56 377 -262 35 -164 210 51 -445 398 -112 214 257 55 336 182 187 -292 329 146 -78 99 197 226 -293 14 380 222 435 252 275 -291 15 81 189 378 481 -188 283 -236 -226 155 -145 3 263 -9 -174 -167 -198 71 -97 -317 225 279 464 350 108 -155 -68 -28 -254 181 75 -495 -259 269 220 123 -245 -394 -261 -94 298 263 -183 284 359 -19 190 -341 92 -204 85 -69 -484 -208 -418 431 -333 119 -61 133 -23 -301 -207 
-417 400 280 163 -207 -270 387 -292 -144 -391 -363 -203 -69 -450 63 68 393 185 -460 -326 181 -248 -411 -54 203 193 415 -127 232 397 187 -88 401 -349 407 372 469 249 37 -151 -202 479 301 443 -324 199 169 466 -2 39 -76 -37 -409 210 -89 186 -426 -12 251 475 313 337 -127 -487 -477 -50 -478 -457 156 -412 57 279 59 180 -148 -278 86 -238 -397 160 107 361 -80 -159 113 -371 331 -68 190 77 166 191 -459 -349 -46 455 -434 298 -383 -127 
444 -499 189 249 432 498 -194 90 471 -489 -111 376 -297 195 490 61 127 334 496 -469 208 197 435 43 98 150 114 -89 275 316 -31 366 368 246 -492 498 31 275 -95 -29 169 -41 456 296 -326 -366 28 188 -326 333 -220 193 179 257 -354 150 89 -412 157 -441 63 -11 -43 -433 -401 -54 482 -391 58 -158 -27 -248 487 494 -331 -280 302 -406 -47 3 -56 124 376 -84 157 231 386 326 -192 258 -461 -309 -354 295 164 -137 49 294 -483 -167 
304 186 -344 -431 -236 -349 118 -487 -173 137 470 -140 -497 -396 497 262 149 270 153 354 -43 55 -60 110 392 -461 -246 110 143 227 -27 -16 -279 -251 54 -76 -275 -134 302 339 251 -118 -449 117 -88 -427 -274 -289 -309 -114 265 200 124 -13 199 122 302 159 -123 -49 352 116 342 375 252 -428 167 -305 157 -472 -81 -138 372 139 248 119 -348 -480 -350 133 394 433 173 -88 65 423 355 114 17 -67 163 -194 -493 -418 -103 403 234 -366 131 -98 
-35 239 487 -365 -168 360 -143 68 476 -448 -196 -489 138 -187 -363 228 473 184 198 -419 224 -333 -369 310 -278 -4 -323 -497 -272 -497 492 -349 347 -226 283 -18 -488 -292 56 398 -427 118 237 -81 -316 470 -119 -213 1 -299 3 -259 -210 -12 -372 -267 201 -197 -32 -55 201 -198 -213 83 100 343 -15 -126 -253 -75 -66 403 24 -342 178 -138 92 -9 473 17 -416 -4 -313 162 -447 -417 304 443 -103 -2 110 151 -237 -450 218 41 208 -227 -201 316 
435 374 -337 124 -126 64 -211 -447 -379 47 -480 276 138 138 222 -325 -466 260 38 -270 387 492 -253 -370 165 -184 -405 144 -78 444 235 5 -146 -290 347 273 300 481 158 113 14 135 81 166 -326 142 433 240 207 -54 -334 -22 406 -332 -345 -222 -351 -163 127 123 272 344 -296 460 463 -173 -348 -312 100 22 -394 -468 498 83 52 429 182 220 182 146 87 470 -398 -33 -137 85 -71 363 -377 451 72 186 276 -23 293 -14 469 45 -390 -14 
-173 -403 77 347 -2 352 -44 -437 -443 427 -225 207 399 240 288 269 327 108 272 -334 -470 73 -129 96 -231 -457 441 -208 408 163 -124 -148 104 36 -194 -255 -163 -402 478 -349 118 443 -417 417 -446 -222 57 22 -286 -288 -136 235 289 412 -349 333 175 224 -153 -311 36 338 -272 -257 282 -57 -487 222 -379 -85 49 -462 -374 -347 384 324 -339 -2 348 254 -83 -403 488 -386 21 67 -290 53 -131 -280 -244 200 410 -380 -358 -152 407 439 41 231 
248 361 106 -186 262 -176 331 499 224 312 15 407 -326 -486 88 -102 437 287 443 277 -186 200 -257 -422 -119 -54 -244 120 435 94 -69 268 81 -97 -399 -383 490 156 342 -5 490 297 245 232 225 -361 -391 -329 -465 205 -3 150 119 -419 154 264 -450 -185 -442 79 -365 -461 -401 97 19 441 -319 -232 489 -111 402 -75 203 22 -46 -179 -185 -129 415 358 211 317 267 257 -436 -144 469 458 9 -307 -489 -30 -25 64 -49 -244 -386 344 -488 -10 
-379 379 220 -487 431 -50 -84 -291 -30 -60 33 198 217 -472 242 -434 -292 -223 -84 -312 333 454 456 245 446 186 -197 220 -15 -165 309 493 -250 -453 -186 -360 29 0 487 -125 87 271 -423 355 -132 485 430 191 124 121 386 -124 159 -402 -284 -28 263 -347 301 -89 466 444 140 262 -333 328 496 -91 -360 271 -388 -128 -340 -334 -497 136 75 -36 -156 224 -86 -444 134 -395 -195 314 420 235 11 -215 -8 29 216 -80 -473 429 -468 85 355 369 